乌鲁木齐市 -- 西宁市 : 1441.901912
西宁市 -- 兰州市 : 194.278095
兰州市 -- 银川市 : 343.112289
银川市 -- 呼和浩特市 : 540.024881
呼和浩特市 -- 太原市 : 338.860748
太原市 -- 石家庄市 : 172.534102
石家庄市 -- 天津市 : 262.662343
天津市 -- 北京市 : 109.744326
石家庄市 -- 济南市 : 268.228024
太原市 -- 郑州市 : 358.809168
天津市 -- 沈阳市 : 605.429302
沈阳市 -- 长春市 : 279.075967
长春市 -- 哈尔滨市 : 232.473435
郑州市 -- 西安市 : 435.686598
西安市 -- 重庆市 : 574.239142
重庆市 -- 成都市 : 265.981617
重庆市 -- 贵阳市 : 329.196686
贵阳市 -- 昆明市 : 435.472439
贵阳市 -- 南宁市 : 447.881155
南宁市 -- 海口市 : 365.227887
海口市 -- 澳门 : 421.967134
澳门 -- 香港 : 64.004833
澳门 -- 广州市 : 106.634230
广州市 -- 长沙市 : 564.429651
长沙市 -- 南昌市 : 289.531093
南昌市 -- 武汉市 : 262.154190
武汉市 -- 合肥市 : 317.306633
合肥市 -- 南京市 : 141.475463
南京市 -- 杭州市 : 235.446530
杭州市 -- 上海市 : 164.039796
南昌市 -- 福州市 : 444.143005
福州市 -- 台北市 : 250.622242
成都市 -- 拉萨市 : 1249.667856
0.000000  1625.596502  1441.901912  2907.109080  2996.679207  3056.391047  2410.772429  2504.453151  2004.060706  1663.264327  2190.114083  2336.462567  2601.499103  2444.414567  2117.838784  2765.255278  3005.949776  2903.204792  3267.513101  2848.385114  3020.241054  3227.098232  3464.212679  3285.051917  3705.963314  3372.721266  3007.617875  2305.342749  2496.988417  2573.456761  2057.369676  1607.109000  3415.654110  3382.500200  

1625.596502  0.000000  194.278095  1805.956614  2019.424267  2187.818939  1180.432777  1223.755118  869.956099  343.112289  799.334319  971.481040  1179.952310  902.278696  505.960476  1146.204074  1444.770447  1323.913527  1715.822512  1226.532832  1396.952693  1646.209294  1841.065661  1701.739466  2085.385391  1886.124872  1534.141538  767.530879  1230.125155  1089.193156  601.050476  1384.146528  1829.224131  1804.876407  

1441.901912  194.278095  0.000000  1946.286210  2146.167873  2302.641133  1326.649207  1379.481394  983.599221  444.237080  962.909553  1135.288195  1356.721363  1092.573903  700.090999  1337.982669  1638.269754  1518.044161  1909.138571  1406.502029  1586.553351  1840.466594  2030.387918  1862.406400  2275.794762  2016.529255  1657.576743  902.170397  1290.335593  1209.696338  695.446533  1258.379312  1991.463822  1963.692221  

2907.109080  1805.956614  1946.286210  0.000000  279.075967  510.258902  626.871213  605.429302  980.179564  1504.562432  1026.164786  867.392888  793.730751  1155.707884  1516.780066  1489.869833  1160.702830  1231.936016  1187.624836  1783.814034  1609.851965  1312.934944  1788.440733  2280.038804  1872.562644  2720.495412  2534.314731  2041.697925  2663.648305  2277.919985  2124.934934  3190.029469  2336.182098  2365.980527  

2996.679207  2019.424267  2146.167873  279.075967  0.000000  232.473435  860.109304  859.004194  1163.816529  1701.933510  1264.081161  1115.412717  1067.253455  1424.221241  1767.522739  1768.591148  1435.900613  1510.231852  1447.113346  2062.686242  1887.798636  1579.347166  2053.565167  2557.994442  2124.890665  2999.458041  2812.289391  2305.045337  2928.632350  2549.213832  2375.610421  3400.743786  2612.548133  2643.175038  

3056.391047  2187.818939  2302.641133  510.258902  232.473435  0.000000  1057.021219  1068.811978  1320.494982  1860.240577  1457.976297  1318.279176  1290.292583  1641.505264  1968.041688  1997.389422  1668.368405  1742.137243  1675.675890  2291.833096  2119.905864  1810.032207  2283.568122  2790.110360  2349.685020  3230.487504  3039.206142  2515.362418  3139.710275  2767.409932  2573.975634  3560.887049  2845.009937  2875.535620  

2410.772429  1180.432777  1326.649207  626.871213  860.109304  1057.021219  0.000000  109.744326  407.659714  890.202184  403.998630  264.200710  362.809145  621.388552  911.022445  1053.821465  899.739239  897.904071  1067.296708  1339.526291  1249.435141  1122.167217  1561.151748  1888.838784  1721.295503  2286.284701  2046.260985  1463.809247  2087.836507  1731.851675  1517.563916  2564.010985  1971.705242  1987.243813  

2504.453151  1223.755118  1379.481394  605.429302  859.004194  1068.811978  109.744326  0.000000  500.969705  951.571810  427.772954  262.662343  272.909541  577.799226  911.685848  985.549433  800.478315  807.808973  959.860771  1275.965279  1168.007284  1019.229949  1464.473333  1817.144369  1618.929903  2224.915636  1997.597859  1447.108288  2071.266282  1701.437701  1520.061923  2602.644009  1895.521188  1913.650656  

2004.060706  869.956099  983.599221  980.179564  1163.816529  1320.494982  407.659714  500.969705  0.000000  540.024881  338.860748  390.391985  649.133492  696.979633  771.989739  1163.329282  1161.498035  1114.048875  1378.588375  1410.793159  1404.091124  1396.515874  1783.400202  1975.142698  1977.188746  2317.226556  2029.052595  1344.099728  1946.257082  1652.241349  1326.455865  2240.993645  2076.852749  2079.835043  

1663.264327  343.112289  444.237080  1504.562432  1701.933510  1860.240577  890.202184  951.571810  540.024881  0.000000  556.498524  723.421666  969.432594  781.838450  528.738467  1146.987338  1342.981698  1244.068058  1604.454256  1303.980787  1409.072474  1566.442689  1843.967879  1834.374965  2074.512478  2085.880527  1752.846514  995.875718  1531.341128  1324.882337  892.560551  1700.968845  1954.562188  1940.663229  

2190.114083  799.334319  962.909553  1026.164786  1264.081161  1457.976297  403.998630  427.772954  338.860748  556.498524  0.000000  172.534102  415.204802  358.809168  514.183817  824.472520  859.397025  794.103029  1099.298354  1075.222875  1066.866366  1094.121993  1455.790051  1639.588042  1658.767971  1993.636995  1719.595012  1080.738053  1701.006542  1368.221827  1116.307880  2175.145360  1739.484827  1743.746215  

2336.462567  971.481040  1135.288195  867.392888  1115.412717  1318.279176  264.200710  262.662343  390.391985  723.421666  172.534102  0.000000  268.228024  373.145196  652.129002  829.849916  772.066499  732.761546  989.618016  1104.484261  1049.707313  1006.695879  1405.308445  1663.132186  1591.355333  2044.195915  1792.134180  1199.795570  1823.964566  1468.831613  1260.396073  2344.798866  1753.855587  1764.429852  

2601.499103  1179.952310  1356.721363  793.730751  1067.253455  1290.292583  362.809145  272.909541  649.133492  969.432594  415.204802  268.228024  0.000000  368.953615  776.732238  721.973281  540.184571  535.987767  732.285261  1015.445793  895.495383  768.036732  1198.747208  1548.459755  1364.348765  1963.920152  1751.448243  1258.164764  1875.709975  1484.385374  1369.518352  2524.141604  1624.373708  1643.758248  

2444.414567  902.278696  1092.573903  1155.707884  1424.221241  1641.505264  621.388552  577.799226  696.979633  781.838450  358.809168  373.145196  368.953615  0.000000  435.686598  467.851078  561.617782  465.512557  826.602298  732.734247  708.208371  785.251862  1106.122876  1294.047354  1319.193588  1671.131496  1424.900994  889.465841  1508.686017  1125.905055  1006.520414  2191.425378  1388.859951  1396.569100  

2117.838784  505.960476  700.090999  1516.780066  1767.522739  1968.041688  911.022445  911.685848  771.989739  528.738467  514.183817  652.129002  776.732238  435.686598  0.000000  647.532897  946.472945  821.064133  1217.913108  776.053555  904.850542  1141.610026  1347.732191  1308.188031  1588.153999  1585.874596  1273.444338  574.239142  1188.750098  880.886077  608.442466  1756.395664  1426.922240  1414.703829  

2765.255278  1146.204074  1337.982669  1489.869833  1768.591148  1997.389422  1053.821465  985.549433  1163.329282  1146.987338  824.472520  829.849916  721.973281  467.851078  647.532897  0.000000  454.354169  317.306633  688.088711  294.789238  262.154190  562.237237  700.965827  835.532484  940.721324  1241.985759  1047.039857  758.950695  1294.469752  863.927554  978.862192  2228.525630  924.015555  935.411262  

3005.949776  1444.770447  1638.269754  1160.702830  1435.900613  1668.368405  899.739239  800.478315  1161.498035  1342.981698  859.397025  772.066499  540.184571  561.617782  946.472945  454.354169  0.000000  141.475463  271.465278  701.672969  464.829306  235.446530  665.476952  1128.839546  824.536022  1583.486354  1452.180658  1203.355911  1748.169728  1315.974635  1403.406439  2646.221319  1177.143296  1209.699213  

2903.204792  1323.913527  1518.044161  1231.936016  1510.231852  1742.137243  897.904071  807.808973  1114.048875  1244.068058  794.103029  732.761546  535.987767  465.512557  821.064133  317.306633  141.475463  0.000000  403.110462  581.000305  378.464794  324.572659  672.747760  1048.291299  864.909313  1491.616649  1338.012629  1062.025514  1611.658614  1181.117087  1262.614721  2506.701610  1109.516385  1136.028915  

3267.513101  1715.822512  1909.138571  1187.624836  1447.113346  1675.675890  1067.296708  959.860771  1378.588375  1604.454256  1099.298354  989.618016  732.285261  826.602298  1217.913108  688.088711  271.465278  403.110462  0.000000  886.455434  607.970967  164.039796  611.046187  1211.187794  689.533943  1678.365561  1601.337504  1446.989544  1960.857034  1525.441619  1659.552281  2906.692346  1231.340124  1275.058042  

2848.385114  1226.532832  1406.502029  1783.814034  2062.686242  2291.833096  1339.526291  1275.965279  1410.793159  1303.980787  1075.222875  1104.484261  1015.445793  732.734247  776.053555  294.789238  701.672969  581.000305  886.455434  0.000000  289.531093  733.531394  668.555124  564.429651  918.461469  949.084893  758.407083  648.003020  1079.011960  644.387297  905.702168  2131.321216  668.793073  669.083380  

3020.241054  1396.952693  1586.553351  1609.851965  1887.798636  2119.905864  1249.435141  1168.007284  1404.091124  1409.072474  1066.866366  1049.707313  895.495383  708.208371  904.850542  262.154190  464.829306  378.464794  607.970967  289.531093  0.000000  449.662005  444.143005  670.204619  689.796059  1119.260797  998.807613  916.712693  1367.589013  933.574217  1163.127639  2403.803182  732.540674  757.677424  

3227.098232  1646.209294  1840.466594  1312.934944  1579.347166  1810.032207  1122.167217  1019.229949  1396.515874  1566.442689  1094.121993  1006.695879  768.036732  785.251862  1141.610026  562.237237  235.446530  324.572659  164.039796  733.531394  449.662005  0.000000  475.670877  1048.417179  599.796627  1515.221238  1438.634714  1317.394213  1811.662500  1376.332821  1541.018141  2790.636976  1071.950934  1114.221340  

3464.212679  1841.065661  2030.387918  1788.440733  2053.565167  2283.568122  1561.151748  1464.473333  1783.400202  1843.967879  1455.790051  1405.308445  1198.747208  1106.122876  1347.732191  700.965827  665.476952  672.747760  611.046187  668.555124  444.143005  475.670877  0.000000  691.768349  250.622242  1147.271679  1168.846670  1315.613617  1667.462987  1255.756752  1574.235725  2792.731751  671.046583  725.830946  

3285.051917  1701.739466  1862.406400  2280.038804  2557.994442  2790.110360  1888.838784  1817.144369  1975.142698  1834.374965  1639.588042  1663.132186  1548.459755  1294.047354  1308.188031  835.532484  1128.839546  1048.291299  1211.187794  564.429651  670.204619  1048.417179  691.768349  0.000000  862.711300  467.755666  508.921586  981.201198  1093.471597  765.631050  1238.738539  2319.362808  131.026831  106.634230  

3705.963314  2085.385391  2275.794762  1872.562644  2124.890665  2349.685020  1721.295503  1618.929903  1977.188746  2074.512478  1658.767971  1591.355333  1364.348765  1319.193588  1588.153999  940.721324  824.536022  864.909313  689.533943  918.461469  689.796059  599.796627  250.622242  862.711300  0.000000  1287.313063  1363.282639  1564.561378  1893.307258  1491.345213  1824.120829  3037.911286  809.147826  870.804052  

3372.721266  1886.124872  2016.529255  2720.495412  2999.458041  3230.487504  2286.284701  2224.915636  2317.226556  2085.880527  1993.636995  2044.195915  1963.920152  1671.131496  1585.874596  1241.985759  1583.486354  1491.616649  1678.365561  949.084893  1119.260797  1515.221238  1147.271679  467.755666  1287.313063  0.000000  365.227887  1118.875396  948.309984  808.965859  1330.907032  2197.218160  480.220415  421.967134  

3007.617875  1534.141538  1657.576743  2534.314731  2812.289391  3039.206142  2046.260985  1997.597859  2029.052595  1752.846514  1719.595012  1792.134180  1751.448243  1424.900994  1273.444338  1047.039857  1452.180658  1338.012629  1601.337504  758.407083  998.807613  1438.634714  1168.846670  508.921586  1363.282639  365.227887  0.000000  767.651649  620.869493  447.881155  968.019036  1873.430765  603.342890  541.597533  

2305.342749  767.530879  902.170397  2041.697925  2305.045337  2515.362418  1463.809247  1447.108288  1344.099728  995.875718  1080.738053  1199.795570  1258.164764  889.465841  574.239142  758.950695  1203.355911  1062.025514  1446.989544  648.003020  916.712693  1317.394213  1315.613617  981.201198  1564.561378  1118.875396  767.651649  0.000000  624.407250  329.196686  265.981617  1487.124817  1112.156530  1077.308863  

2496.988417  1230.125155  1290.335593  2663.648305  2928.632350  3139.710275  2087.836507  2071.266282  1946.257082  1531.341128  1701.006542  1823.964566  1875.709975  1508.686017  1188.750098  1294.469752  1748.169728  1611.658614  1960.857034  1079.011960  1367.589013  1811.662500  1667.462987  1093.471597  1893.307258  948.309984  620.869493  624.407250  0.000000  435.472439  638.781259  1253.817120  1205.876578  1147.963800  

2573.456761  1089.193156  1209.696338  2277.919985  2549.213832  2767.409932  1731.851675  1701.437701  1652.241349  1324.882337  1368.221827  1468.831613  1484.385374  1125.905055  880.886077  863.927554  1315.974635  1181.117087  1525.441619  644.387297  933.574217  1376.332821  1255.756752  765.631050  1491.345213  808.965859  447.881155  329.196686  435.472439  0.000000  522.180464  1566.073257  893.064638  846.116891  

2057.369676  601.050476  695.446533  2124.934934  2375.610421  2573.975634  1517.563916  1520.061923  1326.455865  892.560551  1116.307880  1260.396073  1369.518352  1006.520414  608.442466  978.862192  1403.406439  1262.614721  1659.552281  905.702168  1163.127639  1541.018141  1574.235725  1238.738539  1824.120829  1330.907032  968.019036  265.981617  638.781259  522.180464  0.000000  1249.667856  1369.726901  1331.746010  

1607.109000  1384.146528  1258.379312  3190.029469  3400.743786  3560.887049  2564.010985  2602.644009  2240.993645  1700.968845  2175.145360  2344.798866  2524.141604  2191.425378  1756.395664  2228.525630  2646.221319  2506.701610  2906.692346  2131.321216  2403.803182  2790.636976  2792.731751  2319.362808  3037.911286  2197.218160  1873.430765  1487.124817  1253.817120  1566.073257  1249.667856  0.000000  2440.447410  2386.371097  

3415.654110  1829.224131  1991.463822  2336.182098  2612.548133  2845.009937  1971.705242  1895.521188  2076.852749  1954.562188  1739.484827  1753.855587  1624.373708  1388.859951  1426.922240  924.015555  1177.143296  1109.516385  1231.340124  668.793073  732.540674  1071.950934  671.046583  131.026831  809.147826  480.220415  603.342890  1112.156530  1205.876578  893.064638  1369.726901  2440.447410  0.000000  64.004833  

3382.500200  1804.876407  1963.692221  2365.980527  2643.175038  2875.535620  1987.243813  1913.650656  2079.835043  1940.663229  1743.746215  1764.429852  1643.758248  1396.569100  1414.703829  935.411262  1209.699213  1136.028915  1275.058042  669.083380  757.677424  1114.221340  725.830946  106.634230  870.804052  421.967134  541.597533  1077.308863  1147.963800  846.116891  1331.746010  2386.371097  64.004833  0.000000  

